83742141
21276283
77504142
10342836
37961803
80291384
99555858
31774829
56349135
11756984
27044277
94936419
16731218
61569634
18192776
14067220
93922782
23776447
50988986
44150172
67785901
66522519
89593095
38635465
59197431
42599901
89927294
32522550
13366637
84098432
74825458
83627838
76307606
57184658
86138432
32186029
31086029
13888556
82925721
67032299
81204730
27988466
88768410
46451999
71370098
32753035
20557827
59198126
57542172
18201945
79233480
55951539
55587537
57629509
34346540
62389111
67690796
10875878
99166593
94712270
75679642
75389618
69527108
75247083
34048405
65378486
57095565
23535128
61559779
97170569
52707614
12068419
43082398
34142272
54194780
32038927
24940663
54723371
17999460
95990299
37974992
75232218
67552592
75960715
12153344
64342736
18231297
20219921
73987004
61427261
68745649
84670517
22312185
20529334
55156396
35099246
44227742
98629793
57640501
28492720
41645258
87626590
75768325
74295410
97204417
99991657
99885663
90634139
76631112
78578303
18394925
31886306
92336993
78801635
90095597
90274661
34214427
91959707
84134946
80725766
51302268
32675285
53995765
62965611
38954070
28286931
99219609
13205183
63613624
97343510
97033114
55177007
29984784
16265138
30494627
14150991
56257829
87822208
42051232
79343063
32268226
89848544
28470181
55290328
76607029
23962864
79507141
28182589
39612958
60573436
36568475
24506406
36158635
90112767
94312794
94762481
33069281
15153413
43558844
88094410
92075491
72031595
45829348
30718015
59207783
32494477
26937717
27614992
20125924
45877822
50181217
79193935
87789830
92085789
97855295
40660706
16105451
86649922
40714556
40818152
12719733
74029042
92490100
20639246
42030642
18241904
36020895
35267053
65583521
30783696
73423621
26575357
16444221
61655253
44629049
28806365
56747537
57237842
83253289
38174647
16773247
32986698
54887631
35334783
70545622
81567308
45210860
42086635
16197350
12198662
40718719
98805568
42453835
94219665
96350769
28447006
68901496
24851466
72001051
25490000
84796914
37778280
98834544
59874039
80749769
50353299
17293395
72397119
56033413
28174536
48258540
35826816
32551051
52047768
84031883
65595002
69973935
26458543
72500455
51179927
94030612
47666631
65926381
92479588
91641574
69031296
97186974
45228767
36206525
49809187
12214906
25586251
65573068
64922593
49130012
60500704
14821361
33200270
42384629
18886801
57548756
20523318
92770878
69175003
25473367
28100278
96924449
79402011
23824880
70283271
16187030
51368717
24823489
41317174
93629335
99928780
39601097
47248707
93885457
81538354
37926861
60207515
27979955
14186445
52152989
79607692
68828679
24182636
83705769
26762230
22033965
36993417
49609430
97579279
71787438
40778234
92562408
43131616
41176241
96033407
10899822
47733535
91106703
35894840
11445605
79211574
64723806
69394998
10798669
77165799
52042244
27537543
82672680
71152058
46872258
10698186
68270758
48578725
97883846
48059434
25798014
47818693
24163410
17417391
72993951
63967099
14166607
97745835
35620682
62688698
52846298
69467174
94848363
37058512
89907217
95700323
51424342
16565449
59266703
87565531
98128956
60953076
52211395
47300642
81698917
22613729
54412861
52484148
30257074
27316081
91445898
92498478
66331683
20630176
64433761
95193071
94142209
96456626
81907387
48923854
78809794
94102279
26693064
67231879
25534922
48870276
82145493
51309463
63006482
14570631
21468227
82048999
39578017
70251609
29237706
50056584
30148612
59212166
71325010
11533559
29295365
95632936
42895079
28093557
59693790
68080692
84327738
93509296
42107486
31022170
68060226
41149931
72161583
66520996
11117669
86765568
97937026
40672297
51340905
25940468
93161771
80149386
84728214
86950279
61342708
86555195
34143285
85256593
15478409
23413157
85421004
83918509
34179854
11761435
74419172
84345400
61876099
22672895
21840218
78038968
26386128
58533935
13035545
83902414
44986457
14197687
46211710
24342438
55315840
66281963
41659955
32481132
13156247
64394679
22831408
47706723
27267699
83677038
40650619
20963669
18051493
92886953
44511492
77650122
50750737
48480743
71879069
73549910
30238036
82083982
40253264
91922136
13544241
59063198
15304887
17082306
80848449
65593437
16934977
64895894
70456057
51432635
79914702
98731061
41225161
83588364
58099582
66492261
14723902
22210259
69605416
28319287
39812782
12842424
80866026
52213168
15440648
51245533
94451175
42564292
28676280
32848274
45425244
92671939
27709474
18508863
29748216
47078385
67161191
37713412
67119784
92527937
24136062
60230540
89757013
61713477
97143038
12258828
66221455
97569658
65126331
41578384
29076063
19982721
86934254
75898699
15329777
14294858
91785542
17325906
98592838
98317737
99946197
77923740
60964625
95662392
84426575
90417598
32843160
10397248
42009642
72003886
15415224
20356547
26729043
92409056
30703957
23529193
12379151
32467855
39865484
98051576
61474376
76986103
30750211
87233400
42734437
20168590
14055885
85268200
22705661
34828773
15844756
23576913
75588896
75004126
88219732
73854330
54960372
35287001
22849765
35122118
93703692
73732270
53602687
96872630
19543023
22740383
94757616
72841878
23644344
41359841
70429536
49766789
39241084
90354252
41008842
80652966
48439910
22184285
10711075
45662376
66504045
81649454
79456148
78895663
25048008
72912360
26124420
35479586
14650834
29649846
93074723
83896506
66397055
33600532
22916635
26022432
24903103
11712013
24251736
47380507
67762038
24557557
80233501
46554751
68596345
82019649
49025461
86972376
62955847
32477649
26286906
15119852
19173158
33988628
61473079
83778533
76514622
15845736
81172927
49557392
82949872
12675127
24769422
57621046
19754466
17258192
36688494
62005822
75591399
53997620
30490700
21711884
68322719
97960906
51098645
20330112
11582633
48968500
93103057
19343845
16004357
22188905
33713175
52948796
37901226
27317655
20450561
52440693
51340085
55478410
56756356
43976847
78231005
46550780
46760053
86614487
55815494
97804793
64647829
19545878
54177557
37197316
55671882
58090462
90222247
27254376
20874903
74654780
52543532
43613775
67429385
93426618
37525828
55759144
99865299
80852767
51460166
42805464
26191559
44266689
20296264
24254353
20648635
67807218
63646354
96827017
58637064
46337169
21550808
21805656
24238210
34167151
55914223
43389261
31883180
56831733
85863834
12739066
88923745
68490107
97477996
67775920
10017336
70585263
19480712
39345542
10886229
42479104
65583580
72221667
85464827
62958748
58393049
12398824
61865601
61077681
69186030
38889115
90024927
58837552
22546226
29151300
63478658
66699740
66989806
92335648
99413816
74565466
25477095
92578380
96310310
31049821
86175528
95972315
75669416
18629543
28404707
47423678
10071039
17760654
89170788
82803395
37161061
64245085
72673970
15190568
44136344
49519342
76391275
21384607
42855211
11413133
14557064
90995820
64244406
18851430
95848726
66688190
24589334
98233520
16052893
66956348
61432370
32053224
80562619
18933226
87343321
77754352
78950879
37312434
94067831
73662281
35200499
76713801
83571820
14665706
16140154
74962691
43498453
56455223
12717537
25185756
56995274
97449793
20693828
45902155
14630845
65849604
47998284
88394027
64197970
85079010
37479769
26987194
59218199
70814811
53984104
74064764
64174603
75242708
89244688
22403287
85464045
32944626
76983651
41929881
97813746
57912226
34392731
50703845
53439473
32476530
67434821
91902039
91557172
29510587
34726526
31822255
77907614
74078153
60917305
13093918
70076989
70663296
57186791
61743990
22445608
30482445
56483022
87015476
15839467
15667755
96727088
13818123
39148251
87021589
41130647
62785013
98336083
78074103
44397406
52837865
40830655
85478213
60389750
90789224
34478594
19950713
11425805
38282158
68297122
99710723
48917712
59956323
57310618
74123290
83790489
67435276
11872168
55303342
41556520
50321196
63260073
89606906
98887386
19099050
76034153
67166363
11370715
17617134
33870872
65111470
95267327
54565631
90044720
63246644
31904327
35906494
18479722
27410184
16432196
41337898
27851832
39479184
55257150
41028657
95614184
23330240
61772155
87764696
14248632
59996464
74440360
81224249
21462678
21917661
79715476
50930105
12721853
71503163
16095108
34774579
47996277
90524476
86931131
51480523
70262648
85518559
92455904
44865247
59307058
94327852
36118382
41132142
22704982
83457204
32388560
61944169
57166403
66336624
22514263
82073312
28155443
90680549
92690894
97219927
58903956
70767557
39909938
24243139
99245045
30320744
73836154
70620127
94749425
61680364
62717985
41024641
34336062
47190068
89239160
42611770
46108073
26994179
51886357
63713268
67272302
75379801
17404982
82978756
84375202
52401967
55197163
72674659
60682287
12435808
25666281
10463255
38505221
61589857
78903702
45247965
50579550
36485163
63687152
82863161
81675363
85061906
31636171
39407657
54724318
89234093
37858130
86815453
78607883
42535524
41706726
55933899
29798690
37240410
92551454
28245695
63937258
59163723
22895918
49729186
77529675
61177323
22609226
91103566
38846602
67259667
31571542
79711054
40917479
59860605
65359309
99824871
56589828
82139686
93491015
51518244
34023188
83147802
10447170
20487073
46399620
37257606