7
19
-49
19
19
15
-36
-73
74
9
6
64
103
108
27
98
70
100
56
-117
84
-117
7
-18
73
114
-91
113
40
-72
67
-60
3
29
104
-52
60
-114
-128
-115
51
-7
-26
-123
113
-113
-91
108
0
125
125
80
78
117
86
7
79
-114
-19
122
-93
-11
-65
69
-45
-17
116
58
93
-59
-97
58
-12
121
-57
9
10
22
-40
21
-127
-73
-26
-124
-54
107
19
-99
-64
-121
-36
-65
30
-32
71
40
105
83
43
-93
-108
-106
125
59
-110
40
55
-83
-78
-4
77
52
84
-89
35
-44
60
-70
19
95
-103
11
-128
62
64
91
-94
-32
-18
-49
-38
-67
94
-79
-128
17
-33
-22
-5
42
-126
2
21
-80
-72
54
114
-71
127
80
-35
99
-44
-91
88
84
72
7
68
16
-104
-15
34
-51
25
-111
34
104
-65
42
-120
32
121
116
15
24
40
78
60
-11
73
39
94
-53
115
-91
-23
25
94
-111
-45
-34
57
102
-108
35
2
-82
-113
38